SKU,Description
647-vyk-317,Walkers Special Old Whiskey
280-oad-768,Bread - Raisin
165-rcy-650,Tea - Decaf 1 Cup
167-eol-949,Cheese - Grana Padano
650-epd-782,Carbonated Water - Lemon Lime
650-epd-111,Carbonated Water - Lemon Lime Second
